0	250	250
1	212	101
2	266	231
3	89	284
4	430	298
5	435	77
6	25	293
7	43	269
8	216	117
9	294	437
10	79	479
11	365	18
12	225	125
13	448	103
14	143	266
15	252	347
16	403	390
17	67	153
18	90	168
19	302	235
20	259	355
21	149	183
22	19	297
23	209	358
24	56	388
25	115	269
26	377	356
27	113	229
28	205	343
29	48	137
30	467	157
31	220	394
32	436	54
33	54	357
34	456	154
35	216	307
36	280	224
37	90	270
38	166	452
39	17	283
40	196	192
41	94	275
42	292	445
43	329	471
44	326	57
45	95	466
46	429	282
47	229	364
48	457	160
49	452	154
50	113	289
51	67	387
52	368	17
53	341	367
54	410	364
55	80	281
56	321	224
57	73	395
58	259	76
59	121	203
60	118	256
61	236	361
62	78	371
63	301	53
64	382	197
65	491	160
66	453	164
67	277	371
68	272	212
69	386	218
70	353	32
71	59	389
72	414	62
73	278	357
74	101	179
75	396	234
76	74	390
77	332	55
78	272	365
79	418	355
80	216	380
81	440	173
82	89	358
83	66	491
84	317	234
85	439	297
86	394	367
87	58	364
88	290	75
89	346	344
90	131	269
91	236	96
92	29	282
93	418	385
94	148	225
95	166	464
96	266	373
97	201	273
98	255	245
99	220	379
100	85	317
101	125	264
102	131	253
103	184	188
104	128	209
105	373	364
106	389	342
107	420	20
108	132	218
109	32	256
110	406	339
111	191	397
112	72	341
113	35	308
114	169	360
115	222	381
116	96	292
117	311	496
118	220	384
119	259	243
120	349	476
121	63	159
122	112	243
123	448	302
124	343	27
125	67	485
126	220	359
127	147	435
128	317	235
129	43	355
130	368	340
131	450	72
132	400	364
133	355	480
134	450	153
135	126	188
136	380	223
137	71	453
138	54	287
139	420	168
140	219	89
141	189	327
142	191	309
143	301	67
144	484	161
145	77	483
146	241	375
147	428	64
148	403	361
149	257	336
150	131	241
151	63	166
152	71	368
153	272	228
154	25	290
155	441	157
156	13	266
157	251	376
158	61	170
159	386	357
160	95	475
161	90	298
162	71	388
163	383	246
164	352	38
165	395	1
166	120	210
167	46	383
168	202	198
169	358	365
170	191	352
171	470	152
172	228	124
173	402	230
174	323	229
175	331	486
176	112	208
177	172	435
178	326	498
179	460	183
180	95	279
181	76	456
182	242	350
183	152	196
184	268	351
185	360	356
186	39	296
187	262	368
188	204	90
189	149	273
190	446	86
191	139	269
192	483	170
193	39	278
194	201	307
195	395	378
196	139	262
197	176	447
198	67	380
199	35	358
200	294	455
201	351	33
202	216	316
203	261	96
204	238	57
205	383	18
206	152	460
207	94	479
208	337	453
209	135	460
210	260	104
211	337	63
212	32	247
213	394	205
214	95	294
215	253	241
216	223	90
217	64	473
218	275	431
219	261	84
220	176	296
221	361	349
222	168	433
223	394	10
224	308	60
225	94	456
226	73	484
227	277	434
228	119	232
229	78	375
230	366	346
231	125	181
232	69	493
233	432	80
234	72	391
235	85	486
236	204	371
237	173	328
238	280	423
239	200	327
240	241	98
241	96	356
242	332	491
243	81	283
244	373	22
245	255	371
246	358	359
247	216	93
248	73	360
249	305	212
250	151	462
251	47	389
252	155	198
253	152	457
254	329	48
255	88	394
256	153	295
257	81	373
258	163	453
259	378	25
260	401	385
261	184	340
262	402	362
263	70	482
264	357	445
265	212	71
266	231	81
267	379	208
268	236	95
269	386	344
270	189	200
271	296	253
272	73	303
273	30	162
274	230	95
275	57	131
276	379	245
277	107	221
278	154	458
279	290	417
280	272	243
281	94	130
282	222	356
283	243	108
284	224	93
285	155	242
286	440	302
287	221	102
288	52	484
289	111	244
290	132	273
291	228	186
292	221	374
293	406	286
294	390	9
295	335	52
296	189	368
297	397	40
298	408	305
299	156	434
300	180	335
301	327	483
302	363	62
303	375	342
304	16	280
305	277	431
306	110	241
307	48	385
308	152	260
309	255	120
310	214	382
311	414	384
312	232	378
313	80	141
314	188	330
315	157	192
316	101	237
317	74	360
318	267	260
319	378	46
320	420	311
321	384	217
322	418	300
323	356	77
324	253	244
325	323	258
326	293	454
327	231	97
328	316	234
329	207	196
330	321	228
331	382	17
332	206	326
333	198	284
334	137	186
335	229	396
336	268	235
337	95	243
338	297	430
339	393	368
340	66	391
341	189	339
342	280	351
343	241	77
344	134	265
345	420	95
346	111	279
347	367	358
348	239	373
349	384	235
350	284	360
351	325	75
352	279	369
353	340	449
354	275	448
355	447	88
356	314	279
357	434	377
358	67	377
359	370	353
360	57	367
361	332	486
362	386	361
363	55	282
364	317	467
365	335	54
366	348	466
367	132	314
368	328	216
369	416	48
370	370	55
371	149	434
372	466	169
373	141	267
374	258	350
375	428	312
376	211	188
377	50	343
378	107	311
379	178	441
380	232	85
381	391	23
382	137	227
383	161	203
384	363	212
385	384	346
386	166	434
387	274	248
388	156	421
389	346	211
390	265	358
391	96	407
392	443	70
393	125	212
394	361	337
395	322	78
396	481	156
397	188	293
398	76	408
399	130	304
400	378	363
401	185	301
402	385	235
403	261	350
404	389	33
405	151	214
406	265	94
407	65	164
408	293	81
409	363	55
410	465	176
411	428	298
412	75	379
413	404	378
414	203	203
415	259	88
416	362	17
417	320	258
418	59	358
419	316	453
420	225	192
421	140	206
422	83	151
423	366	196
424	108	245
425	129	267
426	57	379
427	329	56
428	213	363
429	76	391
430	330	259
431	136	217
432	165	333
433	160	431
434	338	489
435	335	64
436	412	361
437	259	90
438	265	77
439	460	173
440	83	301
441	201	331
442	118	214
443	395	30
444	125	444
445	283	248
446	391	334
447	212	215
448	276	428
449	96	152
450	425	85
451	336	7
452	196	219
453	210	94
454	310	81
455	341	37
456	344	478
457	406	37
458	69	346
459	80	376
460	314	449
461	209	201
462	88	379
463	352	500
464	65	357
465	345	15
466	125	245
467	52	369
468	449	140
469	430	310
470	109	325
471	446	139
472	229	214
473	197	301
474	146	245
475	401	368
476	116	259
477	374	55
478	249	251
479	325	490
480	59	159
481	186	177
482	319	229
483	26	269
484	53	139
485	471	154
486	301	247
487	388	220
488	235	81
489	347	479
490	367	59
491	261	370
492	441	287
493	44	153
494	263	351
495	444	157
496	374	17
497	448	295
498	446	297
499	347	40
500	318	493
501	399	352
502	51	364
503	250	217
504	107	225
505	173	208
506	204	189
507	399	379
508	79	346
509	360	338
510	390	17
511	207	337
512	409	361
513	206	377
514	429	294
515	375	31
516	426	80
517	74	374
518	408	20
519	239	369
520	420	308
521	254	357
522	53	297
523	434	382
524	204	171
525	173	169
526	190	332
527	274	231
528	207	194
529	315	232
530	425	87
531	312	64
532	129	244
533	278	230
534	351	75
535	185	293
536	364	364
537	432	369
538	128	249
539	221	179
540	194	296
541	413	350
542	214	372
543	379	229
544	91	298
545	226	120
546	344	46
547	238	84
548	138	276
549	346	487
550	95	160
551	103	266
552	98	286
553	77	172
554	147	199
555	210	98
556	428	292
557	121	236
558	336	479
559	203	369
560	296	232
561	87	369
562	247	88
563	104	246
564	67	302
565	114	296
566	394	356
567	192	306
568	16	285
569	419	310
570	389	221
571	129	264
572	172	483
573	325	251
574	151	436
575	263	91
576	401	15
577	253	382
578	247	89
579	283	229
580	366	341
581	392	213
582	167	304
583	477	154
584	234	383
585	199	327
586	140	220
587	144	266
588	432	105
589	368	325
590	202	386
591	325	246
592	430	86
593	200	195
594	440	295
595	77	287
596	187	362
597	131	207
598	405	5
599	125	226
600	254	335
601	212	168
602	281	279
603	326	241
604	152	241
605	71	139
606	46	277
607	393	13
608	87	454
609	86	359
610	220	192
611	426	279
612	131	267
613	200	297
614	299	442
615	265	218
616	398	231
617	312	74
618	99	307
619	22	283
620	67	160
621	390	42
622	44	279
623	200	182
624	458	303
625	298	438
626	62	301
627	112	251
628	184	354
629	140	180
630	269	428
631	123	206
632	36	284
633	272	233
634	320	231
635	211	180
636	114	169
637	245	239
638	117	204
639	316	254
640	169	443
641	212	96
642	119	285
643	71	163
644	78	361
645	354	219
646	389	233
647	90	391
648	209	307
649	363	351
650	405	47
651	278	329
652	261	371
653	302	470
654	373	205
655	381	20
656	90	277
657	46	341
658	50	138
659	61	437
660	331	252
661	440	81
662	384	206
663	232	87
664	59	471
665	174	304
666	106	248
667	410	287
668	206	313
669	412	367
670	412	300
671	206	295
672	329	459
673	177	436
674	266	264
675	308	235
676	260	330
677	49	136
678	356	28
679	428	384
680	220	362
681	437	61
682	365	360
683	107	168
684	220	177
685	347	21
686	293	245
687	267	436
688	216	96
689	383	351
690	289	240
691	129	185
692	291	450
693	387	21
694	116	255
695	50	368
696	121	249
697	404	346
698	77	360
699	447	102
700	366	16
701	348	16
702	353	346
703	54	485
704	319	77
705	83	282
706	384	24
707	52	469
708	199	200
709	273	234
710	16	281
711	151	442
712	223	114
713	191	308
714	448	297
715	386	28
716	106	295
717	387	224
718	96	377
719	86	361
720	211	107
721	43	125
722	369	351
723	388	228
724	325	228
725	490	159
726	420	78
727	396	4
728	222	317
729	389	198
730	322	454
731	241	391
732	256	117
733	298	255
734	74	363
735	345	496
736	167	169
737	23	306
738	317	62
739	319	257
740	129	255
741	59	377
742	138	272
743	317	251
744	279	436
745	371	207
746	263	372
747	50	347
748	275	236
749	334	47
750	50	383
751	170	338
752	245	109
753	69	475
754	54	372
755	198	334
756	380	228
757	425	118
758	80	398
759	366	57
760	67	463
761	226	86
762	59	480
763	40	378
764	250	367
765	157	436
766	463	161
767	266	250
768	51	162
769	194	353
770	383	41
771	247	82
772	457	142
773	244	94
774	441	63
775	244	371
776	174	444
777	94	247
778	320	225
779	316	80
780	155	447
781	211	308
782	297	442
783	200	342
784	44	325
785	438	60
786	80	374
787	59	163
788	236	92
789	414	66
790	34	279
791	475	156
792	404	310
793	367	239
794	210	359
795	133	278
796	446	169
797	188	356
798	312	252
799	69	485
800	413	353
801	54	446
802	56	357
803	230	105
804	196	302
805	391	373
806	101	295
807	234	350
808	215	108
809	142	457
810	283	425
811	77	397
812	105	317
813	382	213
814	213	76
815	417	56
816	183	340
817	123	242
818	475	136
819	377	246
820	310	484
821	47	280
822	57	456
823	313	266
824	475	145
825	400	376
826	290	416
827	277	369
828	91	303
829	194	301
830	254	238
831	215	91
832	500	162
833	56	287
834	289	452
835	378	326
836	197	350
837	243	88
838	250	72
839	101	290
840	351	480
841	67	357
842	128	240
843	253	81
844	307	227
845	233	441
846	311	47
847	292	456
848	183	187
849	392	31
850	103	251
851	300	443
852	420	295
853	427	64
854	372	354
855	101	263
856	141	454
857	146	461
858	298	430
859	148	270
860	76	287
861	308	55
862	143	257
863	393	2
864	385	28
865	204	291
866	132	272
867	206	379
868	69	383
869	245	96
870	431	301
871	448	94
872	199	305
873	95	356
874	328	498
875	108	222
876	341	26
877	63	454
878	222	357
879	416	364
880	127	278
881	140	252
882	218	298
883	432	87
884	216	300
885	438	72
886	184	178
887	345	468
888	150	435
889	395	365
890	208	371
891	190	292
892	78	479
893	104	198
894	346	13
895	47	388
896	315	57
897	110	199
898	323	60
899	308	82
900	216	374
901	326	253
902	308	232
903	118	223
904	149	444
905	95	395
906	117	319
907	262	352
908	468	135
909	351	31
910	361	15
911	195	300
912	397	27
913	179	311
914	77	133
915	66	397
916	366	352
917	221	87
918	347	23
919	176	358
920	229	78
921	272	246
922	293	67
923	140	265
924	238	83
925	136	296
926	218	98
927	290	440
928	29	302
929	290	425
930	124	247
931	442	287
932	294	64
933	74	165
934	382	245
935	405	24
936	211	97
937	88	390
938	37	295
939	359	371
940	186	372
941	116	446
942	293	249
943	83	228
944	96	269
945	179	284
946	368	219
947	66	359
948	189	338
949	163	277
950	5	296
951	152	478
952	366	34
953	429	80
954	464	178
955	138	196
956	87	481
957	425	99
958	241	362
959	207	289
960	264	365
961	102	289
962	233	346
963	78	141
964	196	348
965	216	92
966	444	309
967	313	263
968	211	198
969	314	436
970	217	189
971	197	178
972	60	497
973	206	312
974	197	351
975	305	233
976	297	250
977	71	348
978	11	269
979	247	447
980	386	213
981	292	434
982	436	301
983	145	221
984	224	96
985	59	128
986	489	150
987	152	225
988	426	85
989	415	73
990	440	70
991	320	476
992	57	132
993	405	311
994	109	250
995	428	314
996	40	288
997	175	282
998	298	456
999	208	101
1000	342	52
