0	250	250
1	228	399
2	325	56
3	290	145
4	340	291
5	370	382
6	273	255
7	36	301
8	117	178
9	295	283
10	57	43
11	436	123
12	48	162
13	222	499
14	376	92
15	437	90
16	3	23
17	94	40
18	398	476
19	307	249
20	179	286
21	0	356
22	143	158
23	413	476
24	371	488
25	415	118
26	440	77
27	261	201
28	490	286
29	309	161
30	39	162
31	361	178
32	261	138
33	447	383
34	346	354
35	461	195
36	187	263
37	130	247
38	328	491
39	161	276
40	365	74
41	168	109
42	111	192
43	87	213
44	45	166
45	62	94
46	348	476
47	64	437
48	56	75
49	24	259
50	295	247
51	6	53
52	15	11
53	179	497
54	67	352
55	317	45
56	40	278
57	33	278
58	322	290
59	159	226
60	208	445
61	453	360
62	34	169
63	436	25
64	393	98
65	466	96
66	366	390
67	303	78
68	374	116
69	424	288
70	191	84
71	59	276
72	215	293
73	343	276
74	488	173
75	452	110
76	153	244
77	176	200
78	498	171
79	492	188
80	177	156
81	398	49
82	497	296
83	276	84
84	128	113
85	422	498
86	460	424
87	246	314
88	0	422
89	166	247
90	311	422
91	392	95
92	460	117
93	28	467
94	375	145
95	240	255
96	440	436
97	454	201
98	407	35
99	420	383
100	264	180
101	440	294
102	500	228
103	144	331
104	98	2
105	461	186
106	68	450
107	153	192
108	34	239
109	465	367
110	208	488
111	93	413
112	371	332
113	231	167
114	179	75
115	196	489
116	280	245
117	108	37
118	1	101
119	420	80
120	38	190
121	470	405
122	448	397
123	471	427
124	146	376
125	12	358
126	175	422
127	297	131
128	457	492
129	69	423
130	97	288
131	172	314
132	170	347
133	103	123
134	154	374
135	318	497
136	330	147
137	241	180
138	174	67
139	235	288
140	94	192
141	232	101
142	28	180
143	64	135
144	174	376
145	293	174
146	218	12
147	110	122
148	459	53
149	173	474
150	135	400
151	497	266
152	380	194
153	495	227
154	268	351
155	213	399
156	448	414
157	327	139
158	151	81
159	425	448
160	92	259
161	59	388
162	468	360
163	332	459
164	469	489
165	248	176
166	174	41
167	343	205
168	154	392
169	92	18
170	250	328
171	88	484
172	360	488
173	156	65
174	18	225
175	152	476
176	176	470
177	195	450
178	466	149
179	221	269
180	105	137
181	284	319
182	41	120
183	263	418
184	218	271
185	365	119
186	89	322
187	180	283
188	385	17
189	401	314
190	245	176
191	251	238
192	139	438
193	236	126
194	61	441
195	405	454
196	111	392
197	373	421
198	247	443
199	322	406
200	412	478
201	374	346
202	122	422
203	261	359
204	173	182
205	398	341
206	413	127
207	325	311
208	80	357
209	67	378
210	216	341
211	498	457
212	44	344
213	352	481
214	237	420
215	389	43
216	292	136
217	426	38
218	245	461
219	415	253
220	298	264
221	307	412
222	53	204
223	480	152
224	262	97
225	83	169
226	377	432
227	390	249
228	132	479
229	359	246
230	314	205
231	124	448
232	0	188
233	343	166
234	482	141
235	162	306
236	24	71
237	188	119
238	100	85
239	103	177
240	26	67
241	164	332
242	385	285
243	209	68
244	149	341
245	415	95
246	167	488
247	413	493
248	439	222
249	150	484
250	299	353
251	273	300
252	402	277
253	239	15
254	363	225
255	65	343
256	351	60
257	60	246
258	144	35
259	463	253
260	332	382
261	408	318
262	452	206
263	471	368
264	93	490
265	241	402
266	60	231
267	172	66
268	404	207
269	286	356
270	489	338
271	334	481
272	26	442
273	226	175
274	488	3
275	178	150
276	371	423
277	5	224
278	94	344
279	153	235
280	12	367
281	217	357
282	255	487
283	149	214
284	169	305
285	487	446
286	267	374
287	360	294
288	185	431
289	325	210
290	175	352
291	76	462
292	19	273
293	72	227
294	213	283
295	130	140
296	274	442
297	337	41
298	372	39
299	269	112
300	224	56
301	340	416
302	13	214
303	230	320
304	6	196
305	87	3
306	133	202
307	235	316
308	435	180
309	173	65
310	245	42
311	384	149
312	51	286
313	267	290
314	453	318
315	189	402
316	210	276
317	120	261
318	35	263
319	429	59
320	330	308
321	58	391
322	260	472
323	217	333
324	335	46
325	198	85
326	138	28
327	29	336
328	200	27
329	157	269
330	177	404
331	202	28
332	366	334
333	149	458
334	481	454
335	377	385
336	217	207
337	96	346
338	224	320
339	206	97
340	438	127
341	494	468
342	494	165
343	5	281
344	441	60
345	14	232
346	288	439
347	420	224
348	267	162
349	195	273
350	233	230
351	382	360
352	406	460
353	499	316
354	246	407
355	283	454
356	426	231
357	432	2
358	404	439
359	397	477
360	44	140
361	330	138
362	39	153
363	397	153
364	226	316
365	354	156
366	201	66
367	389	156
368	134	211
369	386	154
370	335	99
371	356	256
372	240	362
373	412	100
374	394	322
375	48	150
376	225	121
377	102	422
378	339	41
379	440	201
380	411	379
381	219	210
382	250	441
383	210	29
384	178	302
385	148	208
386	225	369
387	16	287
388	450	416
389	287	397
390	285	247
391	351	481
392	243	408
393	137	377
394	33	152
395	68	303
396	456	113
397	134	276
398	26	221
399	79	257
400	181	185
401	104	349
402	267	174
403	475	267
404	385	239
405	95	382
406	67	190
407	32	94
408	401	164
409	376	113
410	409	255
411	228	260
412	363	34
413	274	441
414	146	188
415	212	186
416	432	66
417	83	300
418	51	89
419	379	486
420	440	284
421	175	239
422	282	1
423	268	113
424	480	131
425	429	67
426	162	301
427	281	96
428	495	199
429	372	115
430	396	83
431	239	486
432	288	70
433	66	163
434	470	417
435	226	423
436	342	319
437	174	122
438	49	353
439	448	495
440	13	465
441	489	159
442	311	203
443	480	119
444	442	153
445	148	462
446	233	87
447	323	34
448	84	377
449	292	32
450	418	75
451	451	305
452	225	269
453	272	420
454	318	280
455	250	57
456	77	372
457	385	58
458	44	496
459	460	328
460	67	24
461	91	27
462	360	284
463	82	183
464	153	362
465	52	412
466	32	191
467	325	147
468	328	458
469	133	273
470	147	30
471	131	246
472	433	319
473	168	59
474	218	403
475	295	89
476	118	314
477	251	63
478	388	44
479	381	328
480	132	32
481	334	403
482	83	290
483	411	396
484	243	402
485	52	18
486	265	0
487	268	288
488	476	61
489	283	438
490	191	215
491	253	50
492	71	282
493	297	304
494	244	368
495	80	279
496	488	96
497	142	30
498	68	240
499	193	138
500	451	62
501	138	406
502	306	42
503	247	219
504	98	29
505	102	6
506	142	360
507	172	24
508	352	241
509	486	324
510	133	455
511	440	292
512	364	173
513	442	289
514	48	412
515	344	70
516	78	406
517	329	456
518	157	38
519	374	260
520	297	283
521	210	113
522	215	434
523	262	92
524	140	108
525	235	108
526	210	133
527	25	53
528	339	113
529	394	310
530	126	391
531	343	34
532	354	416
533	202	391
534	367	97
535	188	151
536	111	178
537	456	157
538	441	7
539	270	337
540	323	29
541	200	78
542	330	281
543	438	488
544	161	416
545	30	97
546	273	70
547	214	245
548	221	291
549	79	467
550	423	315
551	395	474
552	481	207
553	199	203
554	497	483
555	449	428
556	100	266
557	214	274
558	16	68
559	475	198
560	371	427
561	62	375
562	163	472
563	13	314
564	376	385
565	231	29
566	89	358
567	331	356
568	365	190
569	256	441
570	120	37
571	349	43
572	230	487
573	489	457
574	341	72
575	181	441
576	306	229
577	492	326
578	347	459
579	66	88
580	272	234
581	134	194
582	320	211
583	214	311
584	489	274
585	231	410
586	432	199
587	29	358
588	62	236
589	333	163
590	364	71
591	125	65
592	429	476
593	161	275
594	365	274
595	117	110
596	166	345
597	345	146
598	324	99
599	72	477
600	487	320
601	120	17
602	1	252
603	303	186
604	428	302
605	264	135
606	223	178
607	174	347
608	238	123
609	187	61
610	52	303
611	89	185
612	341	59
613	89	65
614	495	355
615	368	452
616	164	473
617	171	34
618	114	460
619	224	3
620	472	57
621	448	404
622	390	120
623	386	225
624	301	239
625	115	296
626	69	266
627	115	395
628	68	53
629	33	268
630	450	45
631	351	5
632	351	148
633	80	458
634	60	5
635	10	407
636	497	18
637	437	98
638	130	494
639	391	202
640	43	210
641	381	457
642	449	190
643	429	169
644	105	140
645	282	10
646	20	480
647	61	170
648	210	81
649	87	311
650	309	29
651	397	57
652	337	232
653	262	369
654	41	232
655	69	414
656	149	98
657	207	487
658	366	260
659	497	54
660	210	379
661	437	19
662	181	260
663	125	61
664	368	311
665	80	400
666	75	118
667	171	303
668	80	251
669	455	168
670	215	129
671	179	318
672	187	73
673	394	47
674	31	175
675	339	144
676	492	34
677	387	349
678	142	372
679	291	213
680	421	387
681	274	403
682	434	359
683	257	57
684	428	202
685	355	174
686	46	389
687	44	440
688	491	369
689	33	286
690	351	128
691	485	428
692	273	149
693	447	184
694	386	245
695	323	77
696	21	70
697	9	101
698	71	304
699	43	360
700	396	417
701	158	24
702	164	320
703	195	386
704	306	235
705	66	314
706	95	64
707	348	348
708	495	83
709	61	214
710	240	240
711	140	137
712	242	106
713	392	491
714	342	481
715	478	300
716	299	285
717	481	84
718	271	128
719	484	224
720	441	177
721	46	163
722	493	493
723	253	74
724	390	34
725	374	306
726	436	295
727	371	315
728	27	464
729	3	471
730	418	269
731	90	477
732	141	426
733	418	251
734	57	183
735	29	462
736	55	318
737	18	24
738	263	153
739	289	220
740	84	255
741	159	299
742	485	104
743	178	135
744	389	255
745	457	280
746	171	24
747	330	371
748	10	237
749	458	213
750	257	391
751	482	184
752	222	331
753	332	5
754	47	208
755	489	437
756	165	59
757	211	446
758	225	488
759	355	485
760	441	374
761	399	175
762	103	464
763	244	13
764	51	360
765	44	115
766	312	453
767	64	198
768	67	451
769	371	71
770	439	156
771	105	474
772	366	288
773	415	207
774	58	39
775	197	202
776	442	5
777	71	12
778	74	215
779	347	192
780	178	420
781	186	135
782	176	199
783	438	5
784	150	68
785	185	434
786	215	79
787	177	486
788	49	437
789	100	66
790	35	344
791	433	447
792	372	97
793	344	203
794	423	170
795	171	188
796	64	5
797	371	163
798	398	210
799	48	437
800	392	1
801	195	464
802	211	248
803	293	228
804	23	235
805	213	185
806	172	292
807	228	287
808	387	394
809	374	232
810	48	366
811	44	311
812	447	272
813	132	477
814	80	117
815	11	403
816	144	220
817	473	491
818	210	219
819	452	484
820	365	28
821	498	456
822	84	453
823	91	427
824	178	72
825	409	155
826	132	151
827	136	430
828	292	104
829	443	167
830	321	149
831	235	13
832	166	440
833	112	433
834	452	172
835	37	281
836	414	378
837	475	352
838	400	71
839	286	244
840	429	389
841	92	76
842	124	111
843	268	458
844	352	63
845	49	118
846	398	329
847	382	9
848	229	322
849	279	355
850	266	221
851	142	80
852	359	287
853	482	104
854	284	457
855	64	294
856	404	59
857	68	160
858	211	411
859	30	155
860	240	34
861	107	374
862	404	140
863	436	467
864	421	386
865	182	480
866	9	233
867	110	251
868	19	38
869	46	248
870	308	199
871	423	221
872	313	391
873	413	345
874	278	450
875	94	497
876	7	382
877	493	111
878	392	87
879	13	394
880	259	301
881	351	233
882	313	493
883	65	62
884	417	212
885	450	194
886	470	138
887	190	267
888	248	214
889	50	383
890	244	422
891	60	29
892	5	445
893	490	276
894	441	100
895	162	388
896	244	277
897	406	408
898	265	240
899	130	186
900	382	110
901	142	14
902	352	487
903	307	52
904	418	399
905	196	56
906	66	31
907	90	496
908	480	136
909	65	82
910	48	293
911	105	181
912	215	282
913	257	133
914	77	465
915	43	135
916	27	444
917	357	290
918	38	15
919	80	337
920	36	451
921	291	251
922	195	111
923	383	17
924	53	466
925	114	102
926	350	199
927	405	349
928	472	248
929	333	293
930	174	397
931	2	264
932	7	82
933	34	329
934	158	179
935	421	499
936	345	431
937	370	262
938	77	172
939	87	51
940	468	352
941	63	420
942	347	184
943	206	174
944	209	212
945	466	362
946	201	278
947	206	172
948	471	94
949	331	134
950	274	261
951	219	215
952	349	76
953	86	189
954	336	493
955	7	194
956	492	335
957	248	386
958	463	406
959	199	438
960	135	30
961	447	267
962	235	33
963	63	155
964	294	421
965	318	99
966	21	146
967	30	7
968	410	399
969	405	187
970	109	56
971	212	47
972	479	387
973	167	291
974	259	498
975	461	182
976	277	428
977	290	328
978	146	313
979	40	304
980	56	268
981	104	28
982	370	493
983	136	265
984	247	306
985	241	38
986	180	162
987	253	118
988	413	391
989	380	350
990	391	112
991	86	199
992	91	326
993	287	256
994	203	211
995	79	80
996	32	319
997	167	445
998	439	237
999	373	418
1000	26	342
